Harrison Barnes - F	26:28	5	10	50.0	0	1	0.0	2	2	100	0	5	5	2	0	0	0	2	12	11
Draymond Green - F	31:14	3	8	37.5	1	2	50.0	2	4	50.0	1	6	7	7	1	2	1	2	9	15
Festus Ezeli - C	24:42	4	9	44.4	0	0	0.0	1	4	25.0	3	4	7	1	2	0	2	2	9	15
Klay Thompson - G	24:03	4	10	40.0	1	5	20.0	2	2	100	0	2	2	0	2	1	0	3	11	7
Stephen Curry - G	27:24	9	15	60.0	4	9	44.4	3	4	75.0	0	7	7	6	1	1	0	4	25	12
Andre Iguodala	29:47	5	9	55.6	2	5	40.0	0	0	0.0	3	3	6	4	0	2	0	0	12	23
Shaun Livingston	19:59	0	3	0.0	0	0	0.0	4	5	80.0	0	1	1	0	0	0	0	0	4	11
Marreese Speights	12:40	6	11	54.5	0	1	0.0	2	2	100	2	2	4	1	0	0	1	3	14	10
Leandro Barbosa	19:23	2	6	33.3	1	1	100	0	0	0.0	0	2	2	2	1	3	0	3	5	14
Jason Thompson	6:26	2	3	66.7	0	0	0.0	0	0	0.0	1	2	3	0	0	0	0	1	4	-3
James Michael McAdoo	7:24	1	2	50.0	0	0	0.0	1	2	50.0	0	1	1	1	1	0	0	3	3	-8
Brandon Rush	5:54	1	4	25.0	0	1	0.0	0	0	0.0	1	1	2	0	0	0	0	0	2	-2
Ian Clark	4:36	1	3	33.3	0	1	0.0	0	0	0.0	0	0	0	2	0	0	0	1	2	-5
