Harrison Barnes - F	31:34	7	11	63.6	1	1	100	4	5	80.0	1	3	4	3	2	3	1	5	19	24
Draymond Green - F	28:01	3	7	42.9	1	4	25.0	0	0	0.0	1	5	6	4	3	0	2	6	7	-5
Festus Ezeli - C	20:13	1	2	50.0	0	0	0.0	1	2	50.0	2	3	5	0	1	1	0	4	3	11
Klay Thompson - G	34:37	3	9	33.3	2	5	40.0	0	0	0.0	2	5	7	2	3	1	2	3	8	10
Stephen Curry - G	34:30	9	21	42.9	3	10	30.0	7	7	100	0	5	5	5	4	5	1	1	28	16
Andre Iguodala	26:45	6	9	66.7	4	5	80.0	4	6	66.7	1	0	1	0	1	0	0	3	20	9
Andrew Bogut	14:58	1	3	33.3	0	0	0.0	1	2	50.0	0	7	7	1	3	0	0	5	3	6
Shaun Livingston	22:45	3	3	100	0	0	0.0	0	0	0.0	0	0	0	2	0	1	0	1	6	14
Leandro Barbosa	13:50	2	5	40.0	0	1	0.0	0	1	0.0	0	0	0	4	1	0	0	0	4	7
Marreese Speights	5:25	0	3	0.0	0	0	0.0	0	0	0.0	0	0	0	0	3	1	2	2	0	-8
James Michael McAdoo	4:01	0	0	0.0	0	0	0.0	0	0	0.0	0	0	0	1	0	0	0	0	0	-3
Jason Thompson	0:60	1	1	100	0	0	0.0	0	0	0.0	0	0	0	0	0	0	0	0	2	2
Ian Clark	2:21	0	1	0.0	0	1	0.0	0	0	0.0	0	1	1	0	2	0	0	0	0	-3
