Harrison Barnes - F	28:26	5	8	62.5	2	3	66.7	0	0	0.0	0	2	2	2	3	0	0	1	12	15
Draymond Green - F	32:58	3	10	30.0	0	1	0.0	0	0	0.0	2	8	10	9	1	4	2	0	6	7
Festus Ezeli - C	23:08	2	6	33.3	0	0	0.0	4	4	100	1	1	2	2	1	0	2	4	8	6
Klay Thompson - G	32:18	10	17	58.8	4	7	57.1	0	0	0.0	0	3	3	1	2	2	0	1	24	9
Stephen Curry - G	36:50	7	18	38.9	3	7	42.9	5	6	83.3	1	4	5	5	5	3	0	1	22	12
Andre Iguodala	29:24	5	11	45.5	1	1	100	2	3	66.7	1	4	5	2	2	1	0	2	13	7
Andrew Bogut	18:58	4	7	57.1	0	0	0.0	0	0	0.0	5	4	9	2	1	0	0	3	8	11
Shaun Livingston	19:21	2	4	50.0	0	0	0.0	0	0	0.0	1	1	2	2	1	1	0	2	4	1
Leandro Barbosa	13:37	4	6	66.7	2	2	100	0	0	0.0	0	0	0	3	0	2	0	2	10	6
Marreese Speights	3:59	1	4	25.0	0	0	0.0	0	0	0.0	2	1	3	0	0	0	0	2	2	-4
James Michael McAdoo	1:01	0	0	0.0	0	0	0.0	0	0	0.0	0	0	0	1	0	0	0	0	0	0
