Harrison Barnes - F	30:59	8	13	61.5	2	4	50.0	3	3	100	1	4	5	1	0	1	0	3	21	6
Draymond Green - F	33:03	5	9	55.6	2	3	66.7	0	0	0.0	2	7	9	8	2	0	1	3	12	18
Festus Ezeli - C	17:52	7	7	100	0	0	0.0	2	4	50.0	3	4	7	2	3	1	2	4	16	4
Klay Thompson - G	30:13	7	16	43.8	4	8	50.0	0	0	0.0	0	6	6	5	1	0	0	0	18	13
Stephen Curry - G	34:39	12	22	54.5	8	16	50.0	2	3	66.7	0	7	7	10	4	3	1	1	34	14
Andre Iguodala	23:07	1	3	33.3	0	1	0.0	0	0	0.0	0	2	2	7	0	2	1	2	2	13
Marreese Speights	13:35	1	7	14.3	0	1	0.0	1	2	50.0	2	4	6	0	2	1	0	2	3	0
Shaun Livingston	18:34	1	2	50.0	0	0	0.0	0	0	0.0	2	2	4	2	3	0	1	2	2	6
Leandro Barbosa	11:44	2	6	33.3	1	3	33.3	1	2	50.0	1	2	3	1	2	1	0	3	6	3
James Michael McAdoo	9:54	1	4	25.0	0	0	0.0	1	4	25.0	2	0	2	1	0	1	0	0	3	2
Ian Clark	7:31	0	2	0.0	0	1	0.0	0	0	0.0	0	1	1	3	1	0	0	0	0	0
Jason Thompson	7:03	1	1	100	0	0	0.0	0	0	0.0	0	1	1	0	2	0	0	2	2	-2
Brandon Rush	1:46	0	1	0.0	0	0	0.0	0	0	0.0	0	0	0	0	0	0	0	0	0	-2
