Harrison Barnes - F	32:14	5	10	50.0	0	2	0.0	1	1	100	1	6	7	2	1	0	0	2	11	11
Draymond Green - F	37:11	7	12	58.3	4	5	80.0	3	6	50.0	1	5	6	4	3	1	1	4	21	19
Festus Ezeli - C	15:04	0	2	0.0	0	0	0.0	1	6	16.7	0	5	5	1	0	1	1	3	1	3
Klay Thompson - G	27:20	6	12	50.0	2	5	40.0	5	5	100	0	3	3	1	0	0	1	4	19	9
Stephen Curry - G	35:38	17	27	63.0	8	14	57.1	11	11	100	0	4	4	9	2	4	0	3	53	16
Andre Iguodala	29:30	3	6	50.0	1	2	50.0	1	2	50.0	1	6	7	3	0	1	0	3	8	9
Shaun Livingston	21:50	0	3	0.0	0	0	0.0	2	2	100	0	1	1	3	2	2	0	2	2	4
Marreese Speights	14:29	2	4	50.0	0	0	0.0	1	2	50.0	0	1	1	2	2	0	1	1	5	-1
Leandro Barbosa	11:51	4	6	66.7	1	1	100	0	0	0.0	0	0	0	0	0	0	0	2	9	-7
James Michael McAdoo	3:32	0	0	0.0	0	0	0.0	0	0	0.0	0	0	0	0	0	0	0	0	0	5
Brandon Rush	10:51	2	2	100	1	1	100	0	0	0.0	0	4	4	1	0	1	0	0	5	1
Ian Clark	0:30	0	0	0.0	0	0	0.0	0	0	0.0	0	0	0	0	0	0	0	0	0	1
