Harrison Barnes - F	32:42	3	12	25.0	1	5	20.0	1	2	50.0	5	4	9	3	1	1	0	3	8	17
Draymond Green - F	29:26	3	12	25.0	2	5	40.0	2	2	100	3	5	8	2	1	1	0	5	10	20
Andrew Bogut - C	18:42	6	6	100	0	0	0.0	0	0	0.0	1	4	5	5	0	0	2	2	12	17
Klay Thompson - G	26:26	3	8	37.5	0	2	0.0	3	3	100	0	5	5	3	7	1	1	5	9	4
Stephen Curry - G	35:37	14	26	53.8	5	12	41.7	7	7	100	3	3	6	7	2	2	0	1	40	12
Andre Iguodala	23:23	1	3	33.3	0	1	0.0	0	0	0.0	1	4	5	3	1	1	0	2	2	1
Leandro Barbosa	20:30	0	6	0.0	0	2	0.0	0	0	0.0	1	5	6	2	3	0	1	3	0	-3
Festus Ezeli	17:01	6	10	60.0	0	0	0.0	1	2	50.0	3	1	4	1	1	1	1	2	13	-7
James Michael McAdoo	2:31	0	0	0.0	0	0	0.0	2	2	100	0	0	0	0	2	1	0	4	2	2
Marreese Speights	10:42	2	7	28.6	1	1	100	4	4	100	4	1	5	1	2	0	1	1	9	2
Shaun Livingston	21:20	3	6	50.0	0	2	0.0	0	0	0.0	0	3	3	2	0	0	1	1	6	12
Brandon Rush	1:40	0	0	0.0	0	0	0.0	0	0	0.0	0	0	0	0	0	0	0	0	0	3
