Harrison Barnes - F	31:51	4	17	23.5	0	7	0.0	5	6	83.3	0	2	2	4	0	2	0	3	13	0
Draymond Green - F	37:50	3	8	37.5	0	3	0.0	4	4	100	4	5	9	7	5	2	0	3	10	10
Festus Ezeli - C	21:42	3	9	33.3	0	0	0.0	4	5	80.0	4	8	12	0	1	0	1	0	10	-9
Klay Thompson - G	35:39	7	16	43.8	4	11	36.4	0	0	0.0	0	3	3	3	3	0	1	4	18	-4
Stephen Curry - G	39:08	8	18	44.4	2	10	20.0	6	7	85.7	1	5	6	3	6	2	0	1	24	6
Andre Iguodala	33:40	6	8	75.0	2	3	66.7	0	0	0.0	2	4	6	4	1	4	0	0	14	23
Shaun Livingston	18:02	3	5	60.0	0	1	0.0	0	0	0.0	0	1	1	3	1	1	0	2	6	10
Jason Thompson	6:55	1	2	50.0	0	0	0.0	0	0	0.0	1	2	3	0	0	0	0	1	2	9
Leandro Barbosa	12:03	2	7	28.6	0	4	0.0	0	0	0.0	3	1	4	3	1	1	0	1	4	3
Marreese Speights	3:10	1	2	50.0	0	0	0.0	0	0	0.0	0	0	0	0	0	1	0	0	2	-3
