Harrison Barnes - F	34:41	6	14	42.9	2	7	28.6	0	1	0.0	2	2	4	1	1	1	1	3	14	-3
Draymond Green - F	35:03	8	10	80.0	2	3	66.7	5	5	100	0	8	8	12	2	2	2	3	23	34
Festus Ezeli - C	16:01	5	6	83.3	0	0	0.0	0	0	0.0	1	1	2	3	0	0	0	4	10	3
Klay Thompson - G	37:25	6	16	37.5	3	9	33.3	0	0	0.0	0	2	2	2	4	1	1	1	15	28
Stephen Curry - G	37:42	15	25	60.0	8	13	61.5	8	8	100	0	5	5	4	3	2	0	3	46	21
Andrew Bogut	21:03	2	3	66.7	0	0	0.0	0	0	0.0	2	4	6	2	1	1	3	2	4	0
Andre Iguodala	29:37	1	6	16.7	1	3	33.3	0	0	0.0	0	4	4	6	0	1	0	3	3	-5
Shaun Livingston	22:23	3	5	60.0	0	0	0.0	2	2	100	1	0	1	3	0	0	0	4	8	-12
Ian Clark	3:40	2	4	50.0	2	3	66.7	0	0	0.0	0	1	1	1	0	0	0	2	6	-3
James Michael McAdoo	2:25	0	0	0.0	0	0	0.0	0	0	0.0	0	0	0	0	0	0	0	0	0	2
