Harrison Barnes - F	20:09	2	5	40.0	0	1	0.0	4	4	100	1	2	3	4	1	1	0	0	8	23
Draymond Green - F	26:57	4	7	57.1	3	4	75.0	0	0	0.0	0	9	9	8	2	0	3	2	11	41
Festus Ezeli - C	20:26	4	5	80.0	0	0	0.0	3	3	100	3	7	10	0	1	0	3	2	11	37
Klay Thompson - G	26:27	6	11	54.5	2	3	66.7	0	0	0.0	0	7	7	2	2	0	2	0	14	41
Stephen Curry - G	28:24	10	16	62.5	4	8	50.0	6	6	100	1	2	3	3	3	3	1	2	30	37
Andre Iguodala	21:30	3	8	37.5	0	3	0.0	0	0	0.0	1	2	3	4	2	2	1	0	6	24
Marreese Speights	18:53	2	8	25.0	0	0	0.0	0	0	0.0	1	7	8	1	0	0	0	4	4	7
Shaun Livingston	10:19	2	2	100	0	0	0.0	0	0	0.0	0	2	2	2	0	0	1	0	4	4
Leandro Barbosa	14:55	1	4	25.0	1	2	50.0	0	0	0.0	0	0	0	2	0	0	1	2	3	8
Brandon Rush	13:22	0	5	0.0	0	3	0.0	2	4	50.0	0	6	6	2	2	0	0	1	2	6
James Michael McAdoo	16:28	4	6	66.7	0	0	0.0	1	7	14.3	1	6	7	1	0	0	0	1	9	8
Ian Clark	12:00	4	4	100	1	1	100	6	6	100	1	2	3	1	0	0	0	0	15	6
Jason Thompson	10:10	1	3	33.3	0	0	0.0	0	0	0.0	1	3	4	2	1	2	1	1	2	8
