Harrison Barnes - F	35:39	5	8	62.5	2	3	66.7	5	5	100	2	7	9	3	2	0	1	1	17	14
Draymond Green - F	39:10	3	11	27.3	1	6	16.7	3	4	75.0	2	3	5	5	3	2	0	5	10	1
Festus Ezeli - C	22:51	6	8	75.0	0	0	0.0	0	1	0.0	1	3	4	2	0	0	2	3	12	-10
Klay Thompson - G	32:27	7	18	38.9	0	2	0.0	2	2	100	1	4	5	5	2	2	1	2	16	2
Stephen Curry - G	32:38	8	17	47.1	7	11	63.6	8	9	88.9	0	5	5	4	0	1	0	3	31	7
Shaun Livingston	17:19	2	5	40.0	0	0	0.0	0	0	0.0	1	2	3	3	2	0	0	4	4	-9
Andre Iguodala	31:41	2	7	28.6	0	4	0.0	2	4	50.0	1	4	5	5	1	1	0	3	6	9
Marreese Speights	14:39	2	7	28.6	0	0	0.0	3	4	75.0	0	5	5	0	1	0	1	0	7	-2
Leandro Barbosa	13:26	4	4	100	0	0	0.0	1	2	50.0	1	0	1	1	1	0	0	1	9	8
James Michael McAdoo	0:10	0	0	0.0	0	0	0.0	0	0	0.0	0	0	0	0	0	0	0	0	0	0
